baseline: 0.1
calibration_time: 2017-03-09-15-22-29
gain: 1.2999999523162842
k: 27.0
limit: 1.0
radius: 0.0318
trim: -0.12999999523162842
